time,x,y,z,phi,theta,psi,x_velocity,y_velocity,z_velocity,phi_velocity,theta_velocity,psi_velocity,rotor_speed1,rotor_speed2,rotor_speed3,rotor_speed4
0.06,-3.05832578792e-07,1.2893156363e-06,10.004318737,0.000848343074104,0.000273405768147,0.0,-2.64179137333e-05,9.8989868059e-05,0.143949867065,0.0332204055994,0.0123912305397,0.0,449.3581463151387,450.36125787990375,450.05464785550873,452.73494246183213
0.12000000000000001,-9.56326595415e-06,2.86057171184e-05,10.0126089098,0.00316924695416,0.00154895474245,0.0,-0.000372045404694,0.000997482348868,0.132390429002,0.0478245656368,0.0348065614631,0.0,398.4863262250494,400.5298341885506,399.76142405000354,401.0906237314136
0.18,-6.87239812405e-05,0.000159323998064,10.0219047331,0.00650706146824,0.00322396045485,0.0,-0.00178212294955,0.00365427867167,0.177462338262,0.0678833252897,0.00827259288822,0.0,421.25951570962775,418.95945906538554,417.2872803030668,419.0365449616226
0.23999999999999996,-0.000246989495284,0.000535472970239,10.0364331869,0.0109867594994,0.00343950926036,0.0,-0.0042001702195,0.0093414204307,0.306789078384,0.0855968352875,-0.0079657865894,0.0,446.58943442214184,445.2631449823649,445.6760981713132,447.12553238604977
0.3,-0.000574690199482,0.00136578570832,10.0597923667,0.0159608784891,0.00283328153701,0.0,-0.00666291737034,0.0189000316522,0.471788977648,0.0768833028602,-0.0147650797822,0.0,457.73343845707694,457.19223860972284,457.28414371477675,456.59498923619356
0.36000000000000004,-0.00102838868269,0.00283852019561,10.0905709667,0.0208086745991,0.00214083825739,0.0,-0.00838249226712,0.0306615830299,0.554119318776,0.0876522735252,-0.00576682994769,0.0,430.7315963657807,431.4918972108268,431.51002775321064,432.42344414550723
0.4200000000000001,-0.00157230005699,0.00510897929035,10.1259119269,0.0264883988671,0.0014977197104,0.0,-0.00970202410013,0.0455556458458,0.62386444501,0.105898281234,-0.0231362543496,0.0,428.263415320098,426.7837811355857,426.8578589851406,428.4196923834209
0.48000000000000015,-0.00218218987256,0.00844936474958,10.1676241483,0.0324500191394,6.2827453892,0.0,-0.0104637210421,0.0664604500364,0.766438105204,0.0812235666175,-0.0656994760964,0.0,452.4583132244504,449.01825106226187,451.69495364818613,449.7090534229084
0.5400000000000001,-0.00278947362385,0.013021348337,10.2134673717,0.0373970839515,6.27872835942,0.0,-0.00943479118112,0.0863635642891,0.761656918489,0.0847980845398,-0.0695764748125,0.0,403.5250926606643,403.1711463567724,402.5254255231032,402.85502146087964
0.6000000000000002,-0.00326852755589,0.0188427774199,10.2581883083,0.042131531846,6.27485315239,0.0,-0.0062030201722,0.108092040453,0.729044133212,0.0632743438308,-0.0561206713563,0.0,392.1541786079173,393.39817796966156,394.8998281540545,392.9153553001722
0.6600000000000003,-0.0034512812043,0.0262369011287,10.3054782769,0.0459245363243,6.27199992581,0.0,0.000432293999474,0.138771625464,0.84718592219,0.0631013414828,-0.0343680928077,0.0,442.49530865355973,444.28063647283733,443.42626759676335,443.4149716664515
0.7200000000000003,-0.00320242745656,0.0354617910991,10.357919793,0.0496871990394,6.2701650903,0.0,0.00804706149915,0.169080668075,0.900802836177,0.0619191775244,-0.0239170836691,0.0,422.8431201008804,423.74198873413565,422.6196159771694,422.52079181747325
0.7800000000000004,-0.00245556937856,0.0466075005535,10.4141705584,0.0536279611637,6.26892324966,0.0,0.0169781345415,0.202814606563,0.974139535914,0.072298574317,-0.014931310358,0.0,429.13003026191467,429.892002663266,429.05774924794594,429.94126857521115
0.8400000000000004,-0.00110632862634,0.0600277577707,10.4779224847,0.0587923955688,6.26882655945,0.0,0.0280410382039,0.245065018183,1.15072847111,0.104804997554,0.0166941821025,0.0,460.25770025315416,462.7536346491779,461.0482972073807,463.6145659738973
0.9000000000000005,0.000927201155095,0.076213980562,10.5540261312,0.0648196340105,6.2697091516,0.0,0.0396239834628,0.295211498148,1.38575418204,0.0899112730782,0.0104125563872,0.0,479.6728226636571,479.1954854035412,480.393923949546,479.2711895435809
0.9600000000000005,0.00357345267068,0.0952543980969,10.6396844574,0.0701894887999,6.27122387379,0.0,0.0484661637143,0.339995220675,1.46937922865,0.0886576889809,0.0449616084278,0.0,432.32003667607466,435.2212240028108,434.5433985941714,434.4452002952059
1.0200000000000005,0.00681219625994,0.117703784651,10.7389667366,0.0750032902954,6.27363400076,0.0,0.0591189165173,0.409011417624,1.83944915885,0.0524845239356,0.028261876614,0.0,519.9658169786337,518.7952497011835,518.4689109375219,515.9252697959997
1.0800000000000005,0.010564099402,0.143916671015,10.8537992329,0.0779450346841,6.27544553414,0.0,0.0657497067528,0.46506146172,1.98802031378,0.0410267633743,0.0337969629118,0.0,455.26062908448847,455.70353209950986,457.0687208650001,456.15612513302017
1.1400000000000006,0.0146761640994,0.173593178041,10.9780411462,0.0803096374943,6.2772571422,0.0,0.0711004010061,0.524395617113,2.15304905489,0.0359638692397,0.0217855613088,0.0,461.8920858370947,460.94414895775014,462.0700036598789,461.6714416950839
1.2000000000000006,0.0190454748819,0.2065280864,11.1078070608,0.0832437302581,6.27912527041,0.0,0.074395260748,0.573661398384,2.1724171472,0.0668306030987,0.0452459573887,0.0,415.12857418926717,417.18241256989097,414.49427442497114,417.1995108891969
1.2600000000000007,0.0235853623812,0.242757521341,11.2420629387,0.0876385016757,6.28234550643,0.0,0.0766120856232,0.634407273588,2.30247339339,0.0836997507537,0.0666844664662,0.0,450.68222377176045,452.4133883943964,451.3812736293895,452.7445014821023
1.3200000000000007,0.0281840209199,0.282811748438,11.3850487447,0.0926602197818,0.00273259573267,0.0,0.0762470472595,0.70125256381,2.46331770037,0.083686408519,0.0387609508002,0.0,463.46870349250526,461.2710805559382,461.40066308109914,461.4050495015881
1.3800000000000008,0.032695559788,0.326688658535,11.5344851859,0.097533879131,0.00621349847497,0.0,0.0738456147743,0.761761683904,2.51771500319,0.0757944515835,0.0813775721176,0.0,426.2248012096061,429.85359194623,430.9511740456204,430.2891359900061
1.4400000000000008,0.036993152499,0.374203820553,11.6863353985,0.102189700998,0.0118211576583,0.0,0.0689212320628,0.82247876315,2.54383766841,0.0809763432922,0.110531044805,0.0,418.9302876584754,421.4651345162722,420.417606821442,420.8714919565659
1.5000000000000009,0.0408285911919,0.42589670668,11.8440937532,0.106968366626,0.0188554689852,0.0,0.0581567994712,0.901103894181,2.71428899663,0.0768396889585,0.128076962166,0.0,465.686659896111,467.0685201311027,466.3917151545331,466.07328564255187
1.560000000000001,0.04390503015,0.482134202535,12.0094945003,0.111146285822,0.0269020065824,0.0,0.0436046383938,0.97388466339,2.79877427796,0.0485631600939,0.144038251202,0.0,440.6680499672183,442.00200175756066,441.3504437019508,439.0139733329775
1.620000000000001,0.0458882454111,0.543022882881,12.1818143696,0.114573981172,0.0353879428397,0.0,0.0215755906395,1.05602436851,2.94475719306,0.0703111518893,0.135638926668,0.0,460.90957979942914,460.2630992161359,459.61583469386846,461.3382687440877
1.680000000000001,0.0464052858187,0.608784434857,12.3617388275,0.118362511588,0.0429923017475,0.0,-0.005159941097,1.13639043469,3.052327631,0.0422513758148,0.0956221950909,0.0,451.59283756434627,448.3668252395726,450.50783475077975,448.2359052299044
1.740000000000001,0.0451755105992,0.679415692039,12.5479268449,0.121254474478,0.0490516743502,0.0,-0.0364268021533,1.21820451311,3.15356749216,0.0580198775343,0.109995058687,0.0,447.07316104131104,448.2513623108527,448.72897000007066,450.0085785708175
1.8000000000000012,0.0420104144633,0.754846077179,12.7387972926,0.125319373469,0.0553012549814,0.0,-0.0696866017004,1.29645864408,3.20851211114,0.0822889168367,0.0887335166068,0.0,435.24297081120983,433.46934500477835,433.8007964418918,435.83739117466587
1.8600000000000012,0.0366244296605,0.835291516532,12.9348528115,0.130088083178,0.0608520769214,0.0,-0.110397311367,1.38548987344,3.32618416443,0.0731681363122,0.099162618505,0.0,454.8428815472278,455.6843151541287,455.2113567410265,454.4857730390408
1.9200000000000013,0.028843330961,0.920817801939,13.1352546177,0.13440463003,0.0671558782424,0.0,-0.149529488076,1.46573852281,3.35365967256,0.0693723999306,0.114814534953,0.0,425.9040926607213,427.2507490323448,428.1266878767685,427.8077992723274
1.9800000000000013,0.0185025523187,1.01141253039,13.3386109667,0.138912652958,0.0739212594278,0.0,-0.195816748155,1.55444208323,3.42451118345,0.0846941951388,0.108289114363,0.0,442.3647866055085,441.8384525408631,440.9761837667521,442.2444765191823
2.0400000000000014,0.00517690533349,1.10755201592,13.5471701378,0.143787871952,0.0805050565311,0.0,-0.249017131581,1.65062900363,3.52695248673,0.0732943563648,0.112463924024,0.0,452.2729038043999,452.61942623046275,453.3418083272867,452.43000438426486
2.1000000000000014,-0.0112504743854,1.20915104469,13.7590847385,0.148067879907,0.087436983148,0.0,-0.299166493242,1.73633782358,3.53666708082,0.0670935194344,0.121048925551,0.0,424.0475465340874,424.7969956799883,423.46193107044,422.9323327854568
2.1600000000000015,-0.0308945993387,1.31609420782,13.972455677,0.151905921855,0.0948281448995,0.0,-0.356307724654,1.82872705341,3.57538628369,0.0568426439658,0.127146326607,0.0,433.9672945320758,434.49294890903457,433.90811846508046,433.0497196408005
2.2200000000000015,-0.054199838459,1.42878490416,14.1890588123,0.154955832521,0.102288648194,0.0,-0.421246839327,1.92785107327,3.64429398854,0.0347468251828,0.118048982564,0.0,443.2206894032204,442.4863901866436,446.63808301934154,444.8337930860691
2.2800000000000016,-0.0815236519242,1.54743160324,14.4095405717,0.157292108485,0.109151292907,0.0,-0.490196060408,2.02715281584,3.70471233343,0.0462210731123,0.105789324318,0.0,443.6130915571389,442.6168247843063,441.3521099166858,442.2989338373868
2.3400000000000016,-0.113072272827,1.67200854506,14.6332220089,0.160068671729,0.116012213898,0.0,-0.562029194122,2.1255762968,3.75097866857,0.0463857548908,0.127519227029,0.0,438.626218218489,440.4388091162969,437.9642928786072,437.97929011823425
2.4000000000000017,-0.149059085125,1.80252073374,14.8595881968,0.162613710863,0.12351059618,0.0,-0.63822034196,2.22497749798,3.79419101784,0.0329868793317,0.119326957494,0.0,439.02633024570747,438.36040914301975,438.9900536368107,437.87771560872005
2.4600000000000017,-0.18966650672,1.93890875186,15.0877897153,0.164629257666,0.130665623163,0.0,-0.715992448076,2.32137480662,3.81225625235,0.0347766394902,0.119097143188,0.0,431.002315334789,430.9961747740991,431.144789780037,431.2964800553369
2.520000000000002,-0.235007414019,2.08102275246,15.3165648763,0.167107153817,0.138392947292,0.0,-0.796020818125,2.41587022606,3.81335478708,0.051896133522,0.143281186335,0.0,424.60118239949486,426.68665302038926,425.76452730618036,427.22778801397016
2.580000000000002,-0.28606061019,2.22974660293,15.5507433623,0.170397429306,0.147655941771,0.0,-0.906675331428,2.54173851832,3.99159573779,0.0601514502064,0.170424764075,0.0,482.26806672997895,484.33393026419424,481.3112771098431,481.9374455265669
2.640000000000002,-0.34397669309,2.3860838953,15.7955780457,0.173746578613,0.157938200249,0.0,-1.02491212689,2.66966416188,4.16847394427,0.0453271091884,0.173196723362,0.0,484.63648904893023,484.87030549139496,484.06701231474807,482.9518729864477
2.700000000000002,-0.408645385571,2.54952490012,16.0474186371,0.176719382219,0.168350809642,0.0,-1.13165899635,2.77847919601,4.22561419631,0.056872508835,0.174227175518,0.0,449.50412573931817,449.61620763420166,448.92927637556005,449.86670078831463
2.760000000000002,-0.479743712721,2.7193517147,16.301609558,0.181384146424,0.178586689552,0.0,-1.23919138019,2.88265225898,4.24691726298,0.102288281724,0.162132039507,0.0,438.7630282464237,437.785848728851,438.22578957754024,441.9894684964347
2.820000000000002,-0.557917491495,2.89593590377,16.5593753226,0.187546188254,0.188219618398,0.0,-1.3674883637,3.00389973651,4.34434718136,0.103512372811,0.157182631001,0.0,465.2059958918261,464.84147579330215,464.36361419655327,464.46829856226105
2.880000000000002,-0.64441944426,3.08032102088,16.8251085022,0.194880718689,0.198560366682,0.0,-1.51685881418,3.14275048897,4.51206705368,0.14519603791,0.19233925688,0.0,486.97559881017077,489.6231648998352,486.3251097455895,489.4488156047131
2.940000000000002,-0.739180171035,3.27227735539,17.0962360535,0.203430758585,0.210490261376,0.0,-1.64282987339,3.25638866145,4.52479339073,0.136484297891,0.209377905947,0.0,442.23256978488655,443.6725080888217,442.47818872654045,441.77930469037386
3.000000000000002,-0.841694869383,3.47115634047,17.3679257753,0.211258007452,0.222981419569,0.0,-1.77538027757,3.37342736596,4.53079192658,0.114313167013,0.205693295622,0.0,442.2029128783004,441.9421301659999,442.7598445373972,440.94712918384965
3.0600000000000023,-0.95347587975,3.67816648087,17.6445268848,0.218200284167,0.23557874431,0.0,-1.95180958559,3.52728569617,4.68766305167,0.118349246754,0.217336253457,0.0,491.06718940381535,491.96881960435627,490.56346441773684,490.87368508401767
3.1200000000000023,-1.07581861022,3.89424884327,17.9291635652,0.225552574237,0.249177061933,0.0,-2.12746790859,3.67583739257,4.79876884938,0.129813243189,0.240674639174,0.0,479.27162437321397,481.08856685910484,480.39546718628554,481.27635872610597
3.1800000000000024,-1.20842559685,4.11886588294,18.2181868133,0.232941823598,0.263338284021,0.0,-2.29396093946,3.81179070465,4.83420262346,0.104522397255,0.224572741605,0.0,460.77071956248847,459.5489731486359,460.3720074275071,458.3789968836889
3.2400000000000024,-1.35183465331,4.35220022012,18.5111738899,0.238890300867,0.276948570643,0.0,-2.48748497245,3.96621621269,4.9305251221,0.0853144627722,0.231014753078,0.0,480.16569902575964,480.7010494686139,483.30718385645616,481.86451280950746
3.3000000000000025,-1.50621979024,4.59411118488,18.8066994607,0.2435507795,0.290508330646,0.0,-2.65977421864,4.09760033572,4.91944073797,0.0544877712419,0.213393372751,0.0,450.1766188029917,448.7979566388144,451.9546963110109,449.4671317851929
3.3600000000000025,-1.67171061379,4.84436221261,19.1031714261,0.247469416361,0.302974636917,0.0,-2.85758560467,4.24403260563,4.96175532861,0.0810627646655,0.19313067681,0.0,470.77233079744076,469.2410504143215,468.07409181298505,470.1408355672019
3.4200000000000026,-1.84811569165,5.10249973559,19.3984073414,0.252109372909,0.314319142575,0.0,-3.02345859843,4.36068170241,4.8789697908,0.0685784173689,0.179409573624,0.0,429.9422021132713,428.81380859075335,431.26240867599256,430.21126415033285
3.4800000000000026,-2.03536388544,5.36820637165,19.690705856,0.256160568373,0.325141318649,0.0,-3.2189503804,4.49620025844,4.86341036718,0.0653153084024,0.182220953493,0.0,453.88359061126584,454.13989030375217,454.8221962191865,454.56401979354115
3.5400000000000027,-2.23478941663,5.64225395526,19.9826999792,0.259687585964,0.335785120298,0.0,-3.42934976184,4.63863804524,4.86864414258,0.0406622769284,0.165409558619,0.0,464.04768581399225,462.75456564109226,464.28442579180154,462.34785457257976
3.6000000000000028,-2.44674539148,5.92464159165,20.2741181486,0.261591410535,0.345879961644,0.0,-3.63657426036,4.77409135353,4.844433259,0.000283761302033,0.173385371978,0.0,455.9263549067651,456.58951699977837,457.04467103426964,453.81456198498245
3.660000000000003,-2.67110921636,6.2149763995,20.5634462088,0.262108538474,0.355942891962,0.0,-3.84298075562,4.90338285682,4.7991320385,0.0215282261384,0.152896473229,0.0,452.1658473957951,450.53793034569463,448.8949297012957,450.61592986715436
3.720000000000003,-2.9072984847,6.5125145336,20.848088493,0.263305867198,0.365567788904,0.0,-4.03073533087,5.01437364418,4.68862192992,0.0166085730278,0.172297900222,0.0,428.61154543466955,430.2827965771513,429.1797233449627,428.7618309137116
3.780000000000003,-3.15599113839,6.81740542162,21.1287464546,0.264923239185,0.376282356593,0.0,-4.25975618002,5.14831436205,4.66564587862,0.0421941098324,0.188836713699,0.0,459.92001245212134,461.25765637321206,459.9063958741647,461.9290814238409
3.840000000000003,-3.41894893462,7.13051570391,21.4087156589,0.267885282328,0.388237557363,0.0,-4.50627875533,5.2884047046,4.66533455525,0.0608190533219,0.214548814097,0.0,469.9639189499814,471.9888138769991,469.88564491820836,471.328962864936
3.900000000000003,-3.69599779884,7.45142051026,21.6863678426,0.271195102411,0.40122714604,0.0,-4.72957509967,5.40826013831,4.58879792394,0.04037527563,0.220116646761,0.0,447.3654668300604,447.86461466170306,448.8145609852365,447.1536970265379
3.960000000000003,-3.98477434439,7.77831177754,21.9550610484,0.273443148538,0.414357548984,0.0,-4.89732626289,5.48806788609,4.36772236415,0.0309060911146,0.216161406689,0.0,396.6296550064114,396.31984582671566,395.387876586387,394.5150663221739
4.020000000000002,-4.28610779792,8.11137498508,22.2154755598,0.275827580107,0.427608071222,0.0,-5.1479853442,5.6136763188,4.31158467855,0.0532465812602,0.228846532947,0.0,456.38682264989325,457.44504539622926,457.00812524482143,458.7865502729028
4.080000000000001,-4.60188394597,8.45144719397,22.4706549979,0.279508780871,0.441663503717,0.0,-5.37881666147,5.72186291554,4.19351044039,0.0739788491274,0.243314886891,0.0,437.13053425056535,438.39015304166605,437.62263377952195,439.34810955461364
4.14,-4.93203018945,8.79816558589,22.7192297225,0.283568490396,0.456329957357,0.0,-5.62697930559,5.83520702084,4.0911578176,0.0504042114371,0.246598487334,0.0,446.09349513734696,446.4211065507179,447.16413676380563,445.24226883562153
4.199999999999998,-5.27528929562,9.15051953993,22.9576162343,0.28750006335,0.470717782631,0.0,-5.81604283137,5.90985008855,3.85488440311,0.0854968452477,0.220594539502,0.0,398.8705628159499,396.5518203814373,395.1886997411949,398.414787608991
4.259999999999997,-5.62977371506,9.50716349058,23.1811772082,0.293129909302,0.484134669653,0.0,-6.00109894703,5.97832032232,3.5970454988,0.106730782796,0.229048880763,0.0,389.28248476051607,390.13020488822315,386.9153522671043,388.9186656115994
4.319999999999996,-5.99909921223,9.86986435392,23.3956356915,0.299545409282,0.497519201237,0.0,-6.31040687331,6.11147475596,3.54968477991,0.107310304171,0.207165628996,0.0,471.1615105391253,469.5120089467977,471.2632111655965,471.3173293939333
4.379999999999995,-6.38557901867,10.2396768175,23.6042005533,0.305641196804,0.510435503914,0.0,-6.57298344775,6.21547082418,3.40133956302,0.0866084812476,0.227882263827,0.0,437.9804135593213,439.74639645782975,438.20138246683297,436.48546945597053
4.439999999999993,-6.78679162555,10.6150628023,23.8016444689,0.311079451135,0.524508895985,0.0,-6.8016732711,6.29725273835,3.17947096632,0.0976706924148,0.245341583919,0.0,411.0282574353105,412.6322770296562,411.4205077100034,412.40665889582147
4.499999999999992,-7.20351021119,10.9961701853,23.9882520022,0.316936938456,0.539797445247,0.0,-7.08970078553,6.40600846311,3.0392736987,0.0975328947842,0.269032773773,0.0,444.7508027377343,446.75168352898925,447.12365822579966,447.1205255528725
4.559999999999991,-7.63725480428,11.383521302,24.1654889344,0.323014495556,0.556355485444,0.0,-7.36926536345,6.50536064461,2.86719399209,0.107909230431,0.28709061449,0.0,437.1411717852068,438.72147971933,437.76153582993635,438.63337906118323
4.6199999999999894,-8.08931585902,11.7774660985,24.3341898169,0.328896404875,0.573070015936,0.0,-7.70008464254,6.62563336982,2.75402570331,0.0547755031926,0.250360450975,0.0,465.83430680928785,463.0254394674728,467.436899980999,463.2830869002849
4.679999999999988,-8.56019392889,12.1779335504,24.4939987621,0.332938863003,0.588496387044,0.0,-7.99656223926,6.72272576972,2.57150071063,0.0849663794771,0.267983702519,0.0,442.2938750850173,443.809567401154,441.8518251037564,444.33786376612545
4.739999999999987,-9.04730855186,12.5832909825,24.6401709098,0.338191020776,0.605163935434,0.0,-8.24148089111,6.78884381627,2.30002925382,0.0922318808847,0.292402364749,0.0,408.77508121353446,411.03019471794545,409.47514424986093,410.1282607596346
4.799999999999986,-9.55020361385,12.9929752215,24.771094652,0.343509992654,0.622663036197,0.0,-8.52244466853,6.86680090973,2.0627083988,0.08030494896,0.290110372098,0.0,428.1268671694224,428.0217409848469,427.48646606746547,426.47539129988456
4.859999999999984,-10.070330038,13.4073344505,24.887786706,0.348300773477,0.64050714667,0.0,-8.81580290063,6.9445707383,1.82551669491,0.0789135879904,0.308984118845,0.0,430.54014091652533,432.22681676992613,431.97495824927273,431.8628884094429
4.919999999999983,-10.6114476747,13.8277146016,24.9940024064,0.353599204934,0.659327141964,0.0,-9.22168034205,7.06707053111,1.71204124704,0.102462523758,0.321668025339,0.0,485.4735149390369,486.5155658399894,486.4677655768215,488.2340309405561
4.979999999999982,-11.1728654607,14.2534178521,25.0878872712,0.359766101719,0.678574926584,0.0,-9.49293219948,7.12247562683,1.41608412222,0.103411758542,0.318998743739,0.0,418.9313480176079,418.81130914053955,417.2579672157605,417.35078565787416
5.0399999999999805,-11.7529569923,14.6833132187,25.166342114,0.366732991592,0.697211704825,0.0,-9.84372245692,7.20653260466,1.19674031842,0.133804624553,0.283261591211,0.0,457.9117234206462,455.15269226410715,455.12162370077664,457.5598111490885
